00000000000000000000000000000000000000000000000000000000000000000000000000000000
00000000000000000000000000000000000000000000000000000000000000000000000000000000
00000000000000000000000000000000000000000000000000000000000000100000000000000000
00000000000000000000000000000000000000000000010000000000000001010000000000000000
00000000000000000000000000000000000101000000100000110000000010000000000000000000
00000000000000000000000000000000000100001000010111111000011000000000000000000000
00000000000000000000000000000000000101111111100000000001001011100000000000000000
00000000000000000000000000000000000000100000100000001111000011100000000000000000
00000000000000000000000000000000011000000000000000001110100000000000000000000000
00000000000000000000000000000010011000000011000000001100000000000000000000000000
00000000000000000000000000000010010000000000000000000000000000000000000000000000
00000000000000000000000000000100000000000000000000000000000000000000000000000000
00000000000000000000000000000010010000000000000000000000000000000000000000000000
00000000000000000000000000000010011000000011000000001100000000000000000000000000
00000000000000000000000000000000011000000000000000001110100000000000000000000000
00000000000000000000000000000000000000100000100000001111000011100000000000000000
00000000000000000000000000000000000101111111100000000001001011100000000000000000
00000000000000000000000000000000000100001000010111111000011000000000000000000000
00000000000000000000000000000000000101000000100000110000000010000000000000000000
00000000000000000000000000000000000000000000010000000000000001010000000000000000
00000000000000000000000000000000000000000000000000000000000000100000000000000000
00000000000000000000000000000000000000000000000000000000000000000000000000000000
00000000000000000000000000000000000000000000000000000000000000000000000000000000
00000000000000000000000000000000000000000000000000000000000000000000000000000000
00000000000000000000000000000000000000000000000000000000000000000000000000000000