00000000000000000000000000000000000000000000000000000000000000000000000000000000
00000000000000000000000000000000000000000000000000000000000000000000000000000000
00000000000000000000000000000000000000000000000000000000000000000000000000000000
00000000000000000000000000000000000000000000000000000000000000000000000000000000
00000000000000000000000000000000000000000000000000000000000000000000000000000000
00000000000000000000000000000000000000000000000000000000000000000000000000000000
00000000000000000000000000000000000000000000000000000000000000000000000000000000
00000000000000000000000000000000000000000000000000000000000000000000000000000000
00000000000000000000000000000000000000000000000000000000000000000000000000000000
00000000000000000000000000000000000000000000000000000000000000000000000000000000
00000000000000000000000000000000000000000000000000000000000000000000000000000000
00000000000000000000000000000000000000000000000000000000000000000000000000000000
00000000000000000000000000000000000000000000000000000000000000000000000000000000
00000000000000000000000000000000000000000000000000000000000000000000000000000000
00000000000000000000000000000000000000000000000000000000000000000000000000000000
00000000000000000000000000000000000000000000000000000000000000000000000000000000
00000000000000000000000000000000000000000000000000000000000000000000000000000000
00000000000000000000011100000010000010000001110000000000000000000000000000000000
00000000000000000000100100000111000111000001001000000000000000000000000000000000
00000000000000000000000100001101000101100001000000000000000000000000000000000000
00000000000000000000000100000000000000000001000000000000000000000000000000000000
00000000000000000000000100100000000000001001000000000000000000000000000000000000
00000000000000000000000100110000000000011001000000000000000000000000000000000000
00000000000000000000001000110000000000011000100000000000000000000000000000000000
00000000000000000000000000000000000000000000000000000000000000000000000000000000