00000000000000000000000000000000000000000000000000000000000000000000000000000000
00000001000000000000000000000000000000000000000000000000000000000000000000000000
00000010100000000000000000000000000000000000000000000000000000000000000000000000
00000100100000000000000000000000000000000000100000000000000000000000000000000000
00001011000000000000000000000000000000000001010000000000000000000000000000000000
00010100000000000000000000000000000000000010010000000000000000000000000000000000
00100100000000000000000000000000000000000101100000000000000000000000000000000000
00011011000000000000000000000000000000001010000000000000000000000000000000000000
00000100100000000000000000000000000000010010000000000000000000001000000000000000
00000101000000000000000100000000000000001101100000000000000000010100000000000000
00011010000000000000001010000000000000000010010000000000000000100100000000000000
00100100000000000000010010000000000000000010100000000000000001011000000000000000
00101000000000000000101100000000000000001101000000000000000010100000000000000000
00010000000000000001010000000000000000010010000000000000000100100000000000000000
00000000000000000010010000000000000000010100000000000000000011011000000000000000
00000000000000000001101100000000000000001000000000000000000000100100000000000000
00000000000000000000010010000000000000000000000000000000000000101000000000000000
00000000000000000000010100000000000000000000000000000000000011010000000000000000
00000000000000000001101000000000000000000000000000000000000100100000000000000000
00000000000000000010010000000000000000000000000000000000000101000000000000000000
00000000000000000010100000000000000000000000000000000000000010000000000000000000
00000000000000000001000000000000000000000000000000000000000000000000000000000000
00000000000000000000000000000000000000000000000000000000000000000000000000000000
00000000000000000000000000000000000000000000000000000000000000000000000000000000
00000000000000000000000000000000000000000000000000000000000000000000000000000000